Blocks with no face (face == 0) should allow player to walk around
Blocks facing right (face == 1) should have entrance on their right side
Blocks facing down (face == 2) should have entrance on their bottom side

Bigger blocks should be much more numerous than smaller ones, for better looking maps. If you can't provide enough, just copy existing ones in copies section at the bottom
Differently-faced blocks should be also slightly more numerous than blocks with no face, because these are less likely to spawn.

0 2 2 0    1 0 1 0
0 2 2 0     -1 1 1 1

not faced
0 4 4 0    1 1 1 0 1 -1 1 1 -1 -1 -1 1 1 1 1 1
0 4 4 0    1 -1 1 -1 1 1 1 1 1 -1 1 0 -1 1 1 0
0 4 4 0    1 1 1 -1 -1 -1 1 -1 1 1 1 1 -1 1 -1 -1
0 4 4 0    -1 1 1 0 1 -1 1 1 1 1 1 -1 -1 1 1 -1
0 4 4 0    1 1 1 -1 1 -1 1 1 1 -1 -1 1 -1 1 1 1
faced
1 4 4 0    0 1 1 1 -1 -1 -1 1 -1 -1 1 1 0 1 1 0
1 4 4 0    -1 -1 1 1 0 1 -1 1 -1 1 1 1 -1 -1 1 0
1 4 4 0    -1 -1 1 1 -1 0 1 -1 -1 -1 1 1 0 1 1 0
2 4 4 0    0 -1 -1 0 1 -1 -1 1 1 1 -1 1 0 1 1 1
2 4 4 0    -1 -1 0 -1 -1 1 1 -1 1 1 -1 1 0 1 1 1
2 4 4 0    0 -1 -1 -1 1 -1 0 -1 1 1 1 1 0 1 -1 1
faced (copies)
1 4 4 0    -1 1 1 1 -1 -1 -1 1 -1 -1 1 1 -1 1 1 0
1 4 4 0    -1 -1 1 1 0 1 -1 1 -1 1 1 1 -1 -1 1 0
1 4 4 0    -1 -1 1 1 -1 0 1 -1 -1 -1 1 1 -1 1 1 0     
2 4 4 0    0 -1 -1 0 1 -1 -1 1 1 1 -1 1 0 1 1 1
2 4 4 0    -1 -1 0 -1 -1 1 1 -1 1 1 -1 1 0 1 1 1
2 4 4 0    0 -1 -1 -1 1 -1 0 -1 1 1 1 1 0 1 -1 1


not faced  
0 7 4 0    1 1 1 1 -1 1 1 1 -1 1 1 1 1 -1 1 1 1 1 -1 1 1 0 1 -1 1 1 1 0	
0 7 4 0    1 1 1 1 1 1 1 1 -1 1 -1 -1 -1 -1 -1 -1 1 1 1 1 1 1 1 1 1 -1 1 -1 
0 7 4 0    1 1 1 1 1 1 1 1 -1 -1 -1 1 -1 1 1 -1 1 1 1 -1 1 1 1 1 -1 1 1 1 
0 7 4 0    1 1 1 1 1 1 1 -1 -1 1 -1 1 -1 -1 1 -1 1 1 1 -1 1 1 1 1 -1 1 1 1
0 7 4 0    1 -1 1 1 1 1 0 1 -1 1 -1 -1 1 1 1 -1 1 -1 1 1 -1 1 1 1 -1 1 1 1
0 7 4 0    1 -1 1 1 1 -1 1 1 -1 1 1 1 -1 1 1 1 1 -1 1 1 1 1 1 -1 1 1 1 1 
0 7 4 0    1 1 1 -1 1 -1 1 -1 -1 1 1 1 -1 1 1 1 1 1 -1 1 1 0 1 -1 1 1 1 0
0 7 4 0    1 1 1 1 1 1 -1 1 -1 -1 -1 -1 -1 1 1 -1 1 1 1 1 1 1 1 1 0 0 0 0
0 7 4 0    1 1 1 1 1 1 -1 1 -1 1 -1 1 -1 1 1 1 -1 -1 1 1 1 0 1 1 1 1 -1 1
0 7 4 0    0 1 1 1 -1 1 1 1 1 -1 1 1 -1 1 1 -1 1 1 1 1 -1 -1 1 1 0 0 1 1
0 7 4 0    1 1 1 -1 1 1 1 1 -1 -1 -1 1 -1 1 1 -1 1 -1 -1 -1 1 1 1 1 1 1 1 1
0 6 4 0    1 1 1 1 1 1 1 -1 1 -1 -1 1 1 -1 -1 1 -1 1 1 1 1 1 -1 1 
0 7 4 0    1 1 1 1 1 1 1 1 -1 -1 -1 -1 -1 -1 1 -1 -1 -1 -1 1 1 1 1 1 1 1 1 1  
0 7 4 0    1 1 -1 1 1 1 1 1 -1 -1 -1 -1 -1 1 1 1 -1 -1 -1 1 1 1 1 1 1 1 1 1  
0 4 8 0    1 1 1 0 1 -1 1 1 1 -1 1 -1 -1 -1 1 1 1 1 1 1 1 -1 1 -1 1 -1 1 1 1 -1 1 0
0 4 8 0    1 1 1 1 1 -1 -1 1 -1 1 1 1 1 1 1 -1 1 -1 -1 1 1 1 1 1 -1 -1 -1 1 1 1 1 1
0 4 8 0    1 1 1 -1 -1 -1 1 1 1 1 1 1 1 -1 -1 1 1 -1 -1 1 1 -1 -1 1 1 1 1 1 0 0 1 -1
0 4 8 0    1 -1 1 1 1 -1 1 -1 1 1 1 1 1 -1 -1 1 1 -1 1 1 -1 -1 1 0 1 1 1 1 0 0 1 -1
0 4 8 0    0 0 1 -1 1 1 1 1 1 -1 1 0 1 -1 0 -1 1 1 1 1 1 -1 1 -1 -1 -1 1 1 1 1 1 0
0 4 8 0    1 1 1 -1 1 -1 1 1 1 -1 1 1 1 -1 1 1 1 -1 1 1 1 -1 1 1 1 -1 1 -1 1 1 1 1 
0 4 8 0    1 -1 1 1 1 -1 1 1 1 1 1 1 1 1 -1 -1 1 1 -1 1 -1 1 -1 1 1 1 -1 1 1 1 1 1
0 4 8 0    1 1 -1 1 1 -1 -1 1 1 -1 -1 1 1 1 1 1 1 -1 1 1 -1 -1 -1 1 1 -1 -1 1 1 1 1 1
0 4 7 0    1 1 1 1 1 -1 -1 1 1 -1 -1 1 1 -1 -1 -1 1 -1 -1 1 1 1 -1 1 1 1 1 1
0 4 8 0    1 1 1 -1 1 -1 1 1 1 1 1 1 1 -1 -1 -1 1 -1 1 1 1 1 1 1 -1 -1 -1 1 1 1 1 1
0 4 8 0    1 1 0 0 -1 1 1 1 1 1 -1 1 1 1 -1 1 1 -1 -1 1 1 1 -1 1 1 1 -1 1 0 1 1 1
0 4 7 0    1 1 1 0 1 -1 1 0 1 -1 1 0 1 -1 1 1 -1 -1 -1 1 1 -1 1 1 1 1 1 0
 
faced
1 7 4 0    0 0 1 1 1 1 1 -1 -1 -1 -1 -1 -1 1 -1 -1 -1 -1 -1 1 1 0 0 1 1 1 1 0
1 7 4 0    -1 1 1 -1 1 1 1 -1 -1 1 1 1 -1 -1 -1 -1 -1 1 -1 -1 1 -1 1 1 1 1 1 1
1 7 4 0    -1 -1 1 1 1 1 0 -1 -1 -1 1 -1 1 1 -1 -1 1 1 -1 -1 1 -1 1 1 -1 1 1 1
1 7 4 0    -1 -1 1 1 1 0 0 -1 -1 -1 -1 1 1 1 -1 -1 -1 1 1 -1 1 -1 -1 1 1 -1 1 1
1 7 4 0    -1 -1 1 -1 1 1 1 -1 1 1 1 -1 -1 1 -1 1 1 1 1 1 1 -1 -1 1 -1 1 1 -1 
1 7 4 0    -1 -1 1 1 1 1 0 -1 -1 -1 -1 -1 1 1 -1 1 1 1 -1 -1 1 -1 -1 1 1 1 1 1 
2 7 4 0    -1 -1 -1 -1 -1 -1 -1 1 -1 1 -1 -1 -1 -1 1 1 1 -1 1 -1 1 0 0 1 1 1 1 1
2 7 4 0    1 1 -1 -1 -1 1 1 1 -1 -1 -1 -1 -1 1 1 1 -1 1 1 -1 1 0 1 1 1 1 1 1 
2 7 4 0    1 1 -1 1 -1 -1 1 1 -1 -1 1 -1 -1 1 1 -1 -1 1 1 -1 1 1 1 1 1 1 1 1
2 7 4 0    1 -1 -1 -1 -1 -1 -1 1 -1 -1 -1 -1 -1 1 1 1 1 -1 -1 -1 1 0 0 1 1 1 1 1 
2 7 4 0    -1 -1 -1 -1 -1 -1 -1 -1 -1 -1 -1 -1 1 1 1 -1 1 1 1 1 0 1 1 1 0 0 0 0 
2 7 4 0    -1 -1 -1 -1 -1 -1 -1 -1 -1 1 1 1 1 1 -1 1 1 0 0 0 0 1 1 0 0 0 0 0 
2 6 4 0    1 -1 -1 -1 -1 -1 1 1 -1 -1 -1 1 1 -1 1 1 1 1 1 1 1 0 0 0 
2 7 4 0    1 -1 1 -1 -1 -1 1 1 1 1 1 1 -1 1 0 1 -1 1 1 1 1 0 1 1 1 -1 1 0 
2 7 4 0    -1 -1 -1 -1 -1 -1 -1 -1 1 1 1 1 1 -1 1 -1 1 0 1 -1 1 1 1 1 0 1 1 1 
2 7 4 0    -1 -1 -1 -1 -1 -1 -1 -1 1 1 1 1 -1 1 1 -1 1 1 -1 -1 1 1 1 1 1 1 1 1 
2 7 4 0    -1 1 1 -1 -1 1 -1 1 1 1 -1 1 1 1 1 -1 -1 -1 -1 -1 1 1 1 1 1 1 1 1 
2 7 4 0    1 -1 -1 -1 -1 -1 1 1 -1 1 1 1 -1 1 1 -1 1 1 1 -1 1 1 1 1 -1 1 1 1 
1 4 8 0    -1 1 1 1 1 1 -1 1 -1 1 1 1 1 1 -1 -1 -1 1 -1 1 1 1 1 1 1 -1 1 1 1 1 1 1 

faced (copies)
1 7 4 0    0 0 1 1 1 1 1 -1 -1 -1 -1 -1 -1 1 -1 -1 -1 -1 -1 1 1 0 0 1 1 1 1 0
1 7 4 0    -1 1 1 -1 1 1 1 -1 -1 1 1 1 -1 -1 -1 -1 -1 1 -1 -1 1 -1 1 1 1 1 1 1
1 7 4 0    -1 -1 1 1 1 1 0 -1 -1 -1 1 -1 1 1 -1 -1 1 1 -1 -1 1 -1 1 1 -1 1 1 1
1 7 4 0    -1 -1 1 1 1 0 0 -1 -1 -1 -1 1 1 1 -1 -1 -1 1 1 -1 1 -1 -1 1 1 -1 1 1
1 7 4 0    -1 -1 1 -1 1 1 1 -1 1 1 1 -1 -1 1 -1 1 1 1 1 1 1 -1 -1 1 -1 1 1 -1 
1 7 4 0    -1 -1 1 1 1 1 0 -1 -1 -1 -1 -1 1 1 -1 1 1 1 -1 -1 1 -1 -1 1 1 1 1 1 
2 7 4 0    -1 -1 -1 -1 -1 -1 -1 1 -1 1 -1 -1 -1 -1 1 1 1 -1 1 -1 1 0 0 1 1 1 1 1
2 7 4 0    1 1 -1 -1 -1 1 1 1 -1 -1 -1 -1 -1 1 1 1 -1 1 1 -1 1 0 1 1 1 1 1 1 
2 7 4 0    1 1 -1 1 -1 -1 1 1 -1 -1 1 -1 -1 1 1 -1 -1 1 1 -1 1 1 1 1 1 1 1 1
2 7 4 0    1 -1 -1 -1 -1 -1 -1 1 -1 -1 -1 -1 -1 1 1 1 1 -1 -1 -1 1 0 0 1 1 1 1 1 
2 7 4 0    -1 -1 -1 -1 -1 -1 -1 -1 -1 -1 -1 -1 1 1 1 -1 1 1 1 1 0 1 1 1 0 0 0 0 
2 7 4 0    -1 -1 -1 -1 -1 -1 -1 -1 -1 1 1 1 1 1 -1 1 1 0 0 0 0 1 1 0 0 0 0 0 
2 6 4 0    1 -1 -1 -1 -1 -1 1 1 -1 -1 -1 1 1 -1 1 1 1 1 1 1 1 0 0 0 
2 7 4 0    1 -1 1 -1 -1 -1 1 1 1 1 1 1 -1 1 0 1 -1 1 1 1 1 0 1 1 1 -1 1 0 
2 7 4 0    -1 -1 -1 -1 -1 -1 -1 -1 1 1 1 1 1 -1 1 -1 1 0 1 -1 1 1 1 1 0 1 1 1 
2 7 4 0    -1 -1 -1 -1 -1 -1 -1 -1 1 1 1 1 -1 1 1 -1 1 1 -1 -1 1 1 1 1 1 1 1 1 
2 7 4 0    -1 1 1 -1 -1 1 -1 1 1 1 -1 1 1 1 1 -1 -1 -1 -1 -1 1 1 1 1 1 1 1 1 
2 7 4 0    1 -1 -1 -1 -1 -1 1 1 -1 1 1 1 -1 1 1 -1 1 1 1 -1 1 1 1 1 -1 1 1 1 
1 4 8 0    -1 1 1 1 1 1 -1 1 -1 1 1 1 1 1 -1 -1 -1 1 -1 1 1 1 1 1 1 -1 1 1 1 1 1 1 


Small Portal Blocks
2 3 3 1    -1 -1 -1  -1 2999 -1  1 1 1
0 3 3 1    1 -1 -1  1 2999 -1  1 1 1
1 3 3 1    -1 1 1  1 2999 1  -1 1 1
0 2 2 1    2999 1 1 1