Block key
[face][width][height][portals][size of moves array X][move X 1]...[move X n][size of moves array Y][move Y 1]...[move Y n][matrix values]...

Recomended sizes:
21 x 16 - Huge
13 x 16 - Big
13 x 8 - Medium
7 x 8 - Small

Recomended sets of blocks:
1 Huge
1 Big, 2 Small
2 Medium, 2 Small
6 Small

Available faces:
0 - No face
1 - faces right
2 - faces down

Common Blocks
2 7 8 1    4 0 2 4 7   1 0    -1 -1 -1 -1 -1 -1 -1   -1 3999 1 2999 1 3999 -1   1 -1 1 1 1 -1 1   1 1 -1 1 -1 1 1      1 1 -1 1 -1 1 1   1 1 -1 1 -1 1 1   1 -1 1 1 1 -1 1   1 1 1 1 1 1 1    
1 7 12 1   1 0         1 0     1 1 1 1 -1 1 1  1 1 1 1 1 -1 1  1 -1 1 1 1 -1 1  1 1 -1 1 1 1000 1   1 1 1 1 1 -1 1  1 1000 1 1 -1 1 1  2999 1 1 1 -1 1 0  1 1 1 -1 1 1 0   1 1 -1 1 1 0 0  1 1 -1 1 0 0 0  1 -1 1 1 0 0 0  -1 1 1 0 0 0 0  
0 8 6 1    4 0 2 4 7   6 0 1 2 3 4 5     1 1 1 1 1 1 1 1   1 -1 -1 -1 -1 -1 -1 1   1 -1 1 1000 1 3999 -1 1   1 -1 2999 -1 1 1 -1 1   1 -1 -1 -1 1 -1 -1 1   1 1 1 1 1 1 1 1
0 7 8 0    4 0 2 4 7   5 0 1 2 3 4       1 1 1 1 1 1 1   1 1 -1 1 -1 1 1   1 -1 1 1 1000 -1 1   1 -1 1 1 1 -1 1     1 -1 1000 1 1 1 1   1 -1 3999 1000 1 -1 1   1 1 -1 -1 -1 1 1   1 1 1 1 1 1 1     
0 7 8 2    4 0 2 4 7   5 0 1 2 3 4       0 1 1 1 1 1 0   1 1000 -1 -1 -1 1000 1   1 -1 2999 1 2999 -1 1   1 -1 3999 1 3999 -1 1   1000 1000 1000 1 1000 1000 1000      1 -1 3999 -1 3999 1 1   1 1000 -1 -1 -1 1000 1   0 1 1 1 1 1 0 
2 11 12 3  2 0 3       1 0               1 1 1 1 -1 -1 -1 1 1 1 1   1 1 1 -1 1 2999 1 -1 1 1 1   1 1 -1 2999 1 1 1 2999 -1 1 1   1 -1 -1 1 1 1000 1 1 -1 -1 1      1 -1 1 1 1000 -1 1000 1 1 -1 1   1 -1 -1 -1 1 1 1 -1 -1 -1 1   1 -1 1 1 1 1 1 1 1 -1 1   1 -1 1 -1 1 1 1 -1 1 -1 1      1 -1 1 3999 1 1 1 3999 1 -1 1   1 -1 1 -1 1 1 1 -1 1 -1 1   1 -1 1 1 1 1 1 1 1 -1 1   1 1 -1 -1 1 1 1 -1 -1 1 1      
0 8 10 0   	4 0 2 4 7  8 0 1 2 3 4 5 6 7   1 1 1 1 1 1 1 1   1 -1 -1 -1 -1 1 1 1   -1 -1 3999 3999 -1 1000 -1 1   -1 1 1 1 1 1 -1 1   1 1 -1 1 -1 1 -1 1      1 1 1 1 1 1 -1 1   1 1 -1 1 -1 1 -1 1   1 1 1 1 1 1 -1 1   1 -1 -1 -1 -1 -1 -1 1   1 1 1 1 1 1 1 1      
0 7 7 0     3 2 4 7    2 1 4             -1 0 0 0 0 0 -1   1 0 0 0 0 0 1   -1 0 0 0 0 0 -1   1 0 0 0 0 0 1   -1 0 0 0 0 0 -1   1 0 0 0 0 0 1   -1 0 0 0 0 0 -1   
0 9 9 2    2 1 4       3 1 2 3           1 -1 1 0 0 0 1 -1 1  -1 0 0 0 0 0 0 0 -1   1 0 0 0 0 0 0 0 1    0 0 0 0 0 0 0 0 0   0 0 0 0 0 0 0 0 0   0 0 0 0 0 0 0 0 0   0 0 0 0 0 0 0 0 0    1 0 0 0 0 0 0 0 1   -1 0 0 0 0 0 0 0 -1   1 -1 1 0 0 0 1 -1 1  
0 7 4 1    4 0 2 4 7   4 0 2 4 6         1 1 1 -1 1 1 1   1 -1 1 1 1 -1 1   1 1 -1 2999  -1 1 1   1 1 1 -1 1 1 1   
0 7 8 0    4 0 2 4 7   4 0 1 2 4           -1 1 1 1 1 1 1   1 1 1 1 -1 1 1   1 1 1 1 1000 1 1   1 -1 1000 1 1 1 -1      1 1 1 1 1000 1 1   1 1 1 1 -1 1 1   1 1 1 1 1 1 1   -1 1 1 1 1 1 -1
1 14 5 1   1 0         1 0               2999 1 1 1 1 1000 1  1 1 1 1000 1 1 1    1 1 1 1 -1 -1 1000  -1 1000 1 1 -1 1 1    3999 3999 3999 -1 1 -1 1  1000 1 -1 -1 -1 -1 1    -1 -1 -1 1 1 1 -1  -1 -1 1 1 1 1 1    1 1 1 1 1 1 1  1 1 1 1 1 1 1    
0 5 5 1    5 0 2 4 7 8   4 0 1 3 5       1 1000 1 1 1   1 1 1 1 1000   1 1 2999 1 1   1000 1 1 1 1   1 1 1 1000 1   




Portal Blocks
2 5 3 1      9 0 1 2 3 4 5 6 7 8   1 0   -1 1 2999 1 -1   -1 -1 1 -1 -1   0 1 1 1 0
2 5 3 1      9 0 1 2 3 4 5 6 7 8   1 0   -1 1 2999 1 -1   -1 1 1 1 -1   0 1 1 1 0
