Block key
[face][width][height][portals][size of moves array X][move X 1]...[move X n][size of moves array Y][move Y 1]...[move Y n][matrix values]...

Avalible faces:
0 - No face
1 - faces right
2 - faces down

Hub
0 21 16 4   1 0   1 0   3999 1 1 -1 1 1 1  2001 1 1 1 -1 1 1  1 -1 1 1 -1 1 2999    3999 1 1 -1 1 1 1  1 1 1 1 -1 1 1  1 1 1 1 -1 1 1    1 1 3999 -1 1 1 1  1 1 1 1 -1 1 1  1 -1 1 1 -1 1 1    -1 1 -1 -1 1 1 1  1 1 1 1 -1 -1 -1  -1 -1 1 1 -1 1 1       1 1 1 1 1 1 1  1 1 1 1 -1 1 1  1 -1 1 1 -1 1 1    1 1 1 1 1 1 -1  -1 -1 1 1 -1 1 1  1 1 1 1 -1 1 1    -1 -1 -1 -1 1 1 -1  1 -1 1 1 -1 1 1  1 -1 1 1 -1 1 1    1 1 1 -1 1 1 -1  -1 -1 1 1 -1 -1 -1  -1 -1 1 -1 -1 1 1       3010 1 1 -1 1 1 1  1 1 1 1 1 1 1  1 1 1 1 1 1 1    1 1 1 1 1 1 1  1 1 1 1 1 1 1  1 1 1 1 1 1 1    1 1 1 -1 1 1 1  -1 -1 -1 1 -1 -1 -1  -1 -1 -1 1 1 -1 -1    -1 -1 -1 -1 1 1 1  -1 1 1 1 1 1 1  1 1 -1 1 1 -1 -1       1 1 1 1 1 1 1  -1 1 -1 1 -1 -1 -1  -1 1 -1 1 1 -1 -1    2999 1 1 1 1 1 1  -1 1 -1 1 1 1 1  1 1 -1 1 1 -1 -1    -1 -1 -1 -1 -1 1 1  -1 1 -1 1 -1 -1 -1  -1 1 -1 1 1 1 1    -1 -1 -1 -1 -1 1 1  -1 3999 -1 1 1 1 1  1 1 -1 1 1 1 2999       

BBlocks
2 17 11 0   3  0 1 2      2  0 1           0 0 1 1 1 -1 -1 -1 -1 -1 -1 -1 1 1 1 0 0 0 1 1 -1 -1 1 1 1 1 1 1 1 -1 -1 1 1 0   1 1 -1 1 1 1 1 1 1 1 1 1 1 1 -1 1 1   1 -1 1 -1 1 1 -1 1 1 1 -1 1 1 -1 1 -1 1   -1 1 1 -1 1 3013 -1 1 1 1 -1 1 1 -1 1 1 -1   -1 1 1 1 1 1 1 1 1 1 1 1 1 1 1 1 -1   -1 1 1 -1 1 1 -1 1 1 1 -1 1 1 -1 1 1 -1   1 -1 1 -1 1 1 -1 1 1 1 -1 1 1 -1 1 -1 1   1 1 -1 1 1 1 1 1 1 1 1 1 1 1 -1 1 1   0 1 1 -1 -1 1 1 1 1 1 1 1 -1 -1 1 1 0    0 0 1 1 1 -1 -1 1 1 1 -1 -1 1 1 1 0 0      
2 8 4 0     8  0 1 2 3 4 5 6 7   2  0 1    0 -1 -1 -1 -1 -1 -1 0   0 -1 1 1 3011 1 -1 0   0 -1 1 1 1 1 -1 0   1 1 1 1 1 1 1 1
2 21 8 1    1  0          1  0             -1 1 1 1 -1 1 1  1 1 1 2004  1 1 -1  1 1 1 1 1 -1 1   1 1 1 1 1 1 1 1 1 1 1 1 1 1 1 1 -1 1 1 1 1    1 1 -1 1 1 1 1 -1 1 1 1 -1 1 1 -1 1 1 1 1 1 1    1 1 1 1 -1 1 1  1 1 1 1 1 1 1  1 1 1 1 -1 1 1    1 1 1 1 1 1 1  1 1 -1 1 1 1 1  1 -1 1 1 1 1 1     1 1 -1 1 1 1 1  -1 1 1 1 1 1 1  1 1 -1 1 1 1 1    -1 -1 -1 -1 -1 -1 1  -1 -1 -1 3014 -1 -1 1  -1 -1 1 -1 -1 1 -1    1 1 -1 1 1 1 -1  1 1 1 1 1 1 -1  1 1 1 1 1 -1 1   
0 7 7 0     4  0 2 4 7    2  1 2           1 1 1 1 1 1 1  1 -1 -1 1 -1 -1 1  1 -1 1 1 1 -1 1  1 1 1 3012 1 1 1  1 -1 1 1 1 -1 1  1 -1 -1 1 -1 -1 1  1 1 1 1 1 1 1 

numery interakcji: ...
interkcje 11, 12, 13, 14

MaBlocks
2 9 5 0     2  0 1       4  0 1 2 3        -1 -1 -1 -1 -1 -1 -1 -1 1  -1 -1 -1 1 1 1 3020 -1 1   -1 1 1 1 1 -1 -1 -1 1  -1 -1 1000 -1 -1 -1 -1 -1 1  1 1 1 1 1 1 1 1 1 
2 13 4 3    4  1 2 3 4   1  0              -1 1 2005 1 -1 1 2006 1 -1 1 2007 1 -1   -1 1 1 1 -1 1 1 1 -1 1 1 1 -1   -1 1 1 1 -1 1 1 1 -1 1 1 1 -1   1 1 1 1 1 1 1 1 1 1 1 1 1   
1 14 8 0    3  0 1 2     5  0 1 2 3 4      -1 -1 -1 -1 -1 -1 -1 -1 -1 -1 -1 -1 -1 1    -1 1 1 -1 1 1 -1 1 1 -1 1 1 -1 1    -1 1 1 1000 1 1 1000 1 1 -1 1 1 -1 1    -1 3021 1 -1 1 1 -1 1 1 -1 1 1 1 1    -1 1 1 -1 1 1 -1 1 1 1 1 1 -1 1    -1 1 1 1000 1 1 -1 1 1 1 1 1 -1 1    -1 1 1 -1 1 1 -1 1 1 -1 1 1 -1 1    -1 -1 -1 -1 -1 -1 -1  -1 -1 -1 -1 -1 -1 1  
1 14 8 0    3  0 1 2     5  0 1 2 3 4      -1 -1 -1 -1 -1 -1 -1 -1 -1 -1 -1 -1 -1 1    -1 1 1 -1 1 1 -1 1 1 -1 1 1 -1 1    -1 -1 1 1 1 1 1 1 1 -1 1 1 -1 1    -1 3022 1 -1 1 1 -1 1 1 -1 1 1 1 1    -1 -1 1 -1 1 1 -1 1 1 1 1 1 -1 1    -1 1 1 1 1 1 -1 1 1 1 1 1 -1 1    -1 1 1 -1 1 1 -1 1 1 -1 1 1 -1 1    -1 -1 -1 -1 -1 -1 -1  -1 -1 -1 -1 -1 -1 1  
1 14 8 0    3  0 1 2     5  0 1 2 3 4      -1 -1 -1 -1 -1 -1 -1 -1 -1 -1 -1 -1 -1 1    -1 1 1 -1 1 1 -1 1 1 -1 1 1 -1 1    -1 1 1 1 1 1 1 1 1 -1 1 1 -1 1    -1 3023 1 -1 1 1 -1 1 1 -1 1 1 1 1    -1 1 1 -1 1 1 -1 1 1 1 1 1 -1 1    -1 1 1 1 1 1 -1 1 1 1 1 1 -1 1    -1 1 1 -1 1 1 -1 1 1 -1 1 1 -1 1    -1 -1 -1 -1 -1 -1 -1  -1 -1 -1 -1 -1 -1 1    
1 8 16 1    1  0         1  0              -1 -1 -1 -1 -1 -1 -1 -1    -1 -1 -1 -1 -1 -1 -1 1    -1 -1 -1 -1 -1 -1 1 1    -1 -1 -1 -1 -1 1 1 0   -1 -1 -1 -1 1 1 0 0   -1 -1 -1 1 1 0 0 0   -1 -1 1 1 0 0 0 0   2999 1 1 0 0 0 0 0   -1 1 1 0 0 0 0 0      -1 -1 1 1 0 0 0 0   -1 -1 -1 1 1 0 0 0   -1 -1 -1 -1 1 1 0 0   -1 -1 -1 -1 -1 1 1 0    -1 -1 -1 -1 -1 -1 1 1    -1 -1 -1 -1 -1 -1 -1 1    -1 -1 -1 -1 -1 -1 -1 -1    
1 11 16 1   1  0         1  0              1 1 0 0 0 0 0 0 0 0 0   -1 1 1 0 0 0 0 0 0 0 0    -1 -1 1 1 0 0 0 0 0 0 0    -1 -1 -1 1 1 0 0 0 0 0 0    -1 -1 -1 -1 1 1 0 0 0 0 0    -1 -1 -1 -1 -1 1 1 0 0 0 0    -1 -1 -1 -1 -1 -1 1 1 1 1 1    1 -1 -1 -1 -1 -1 -1 -1 -1 -1 1    2999 1 1 1 1 1 1 1 1 1 1    1 -1 -1 -1 -1 -1 -1 -1 -1 -1 1    -1 -1 -1 -1 -1 -1 1 1 1 1 1    -1 -1 -1 -1 -1 1 1 0 0 0 0    -1 -1 -1 -1 1 1 0 0 0 0 0   -1 -1 -1 1 1 0 0 0 0 0 0    -1 -1 1 1 0 0 0 0 0 0 0    -1 1 1 0 0 0 0 0 0 0 0    
1 8 12 0    2  0 1       3  0 1 2          -1 -1 -1 -1 -1 -1 1 0   -1 1 1 1 1 -1 1 1   -1 1 1 1000 1 -1 -1 1   -1 1 -1 -1 1 1 -1 1   -1 3024 -1 -1 1000 1 -1 1   -1 1 -1 -1 1 1 1 1   -1 1 1000 1 1 1 1 1   -1 1 1 1 1 1 -1 1   -1 1 1 1 1 1 -1 1   -1 1000 -1 -1 -1 -1 -1 1   -1 1 1000 3025 -1 -1 1 1   -1 -1 -1 -1 -1 -1 1 0   
2 6 5 0     8  0 1 2 3 4 5 6 7             7  0 1 2 3 4 5 6    1 1 1 1 1 1   1 -1 -1 -1 -1 1   1 -1 1 1000 -1 1   1 -1 1 -1 -1 1   1 1 1 1 1 1   
2 8 5 0     8  0 1 2 3 4 5 6 7             7  0 1 2 3 4 5 6    1 1 1 1 1 1 1 1   1 -1 -1 -1 -1 -1 -1 1   1 -1 1000 1 1000 1 -1 1   1 -1 1 1 1 1 -1 1   1 1 1 1 1 1 1 1   
2 13 11 1   1  4         2 0 1             1 1 1 1 1 1 1 1 1 1 1 1 1   1 1 1 1 1 1 1 1 1 1 1 1 1   1 1 1 -1 -1 -1 -1 -1 -1 -1 1 1 1   1 1 -1 1 -1 1 1 1 -1 1 -1 1 1   1 1 -1 1 1 1 2999 1 1 1 -1 1 1   1 1 1 -1 1 1 1 1 1 -1 1 1 1   1 1 1 -1 1 1 1 1 1 -1 1 1 1   1 1 -1 1 -1 1 1 1 -1 1 -1 1 1   1 1 1 1 -1 1 1 1 -1 1 1 1 1   1 1 1 1 1 1 1 1 1 1 1 1 1   1 1 1 1 1 1 1 1 1 1 1 1 1    
2 13 7 0    9  0 1 2 3 4 5 6 7 8   1  0    1 1 1 1 1 1 1 1 1 1 1 -1 1   1 -1 1 1 1 1 1000 1 1 1000 1 -1 1   1 -1 -1 -1 1 1 1 1 -1 1 -1 1 1   1 1 1 1 -1 1 1 1 -1 3026 -1 1 1   0 0 0 1 1 -1 -1 -1 -1 -1 -1 1 1   0 0 0 0 1 1 -1 -1 1 1 1 1 1   0 0 0 0 1 1 1 1 1 1 1 1 1   
1 6 16 1    1  0         1 0               -1 -1 -1 -1 -1 1  -1 -1 -1 1000 1 1  -1 -1 -1 -1 1 1  -1 -1 -1 -1 1 1    -1 -1 -1 -1 -1 1  -1 -1 -1 -1 1 1  1 1 1 1 1 1  1 1 2999 1 1 1    1 1 1 1 1 1  -1 -1 -1 -1 -1 1  -1 -1 -1 -1 -1 1  -1 -1 -1 -1 1 1    -1 -1 -1 -1 1 1  -1 -1 -1 1 1 1  -1 -1 -1 1 1 1  -1 -1 -1 -1 -1 -1    
  

numery interakcji:
Druid: 20
Wilk, lis, niedźwiedź: 21, 22, 23
Wiedźma 24, 25
Elf 26



PBlocks
0 21 16 2   1 0         1 0     1 1 1 1 1 1 1  1 1 -1 2999 -1 1 1  1 1 1 1 1 1 1    1 1 1 1 1 1 -1  1 1 -1 3031 -1 1 1  -1 1 1 1 1 1 1    1 1 -1 -1 -1 1 1  1 1 1 1 1 1 1  1 1 -1 -1 -1 1 1    1 1 -1 3033 -1 1 -1  1 1 1 1 1 1 1  -1 1 -1 3034 -1 1 1    1 1 1 1 1 1 1  1 1 1 1 1 1 1  1 1 1 1 1 1 1    1 1 1 1 1 1 -1  1 1 1 1 1 1 1  -1 1 1 1 1 1 1    1 1 1 1 1 1 1  1 1 -1 -1 -1 1 1  1 1 1 1 1 1 1    1 1 1 1 1 1 -1  1 1 -1 3032 -1 1 1  -1 1 1 1 1 1 1    1 1 1 1 1 1 1  1 1 1 1 1 1 1  1 1 1 1 1 1 1    1 1 1 1 1 1 -1  1 1 1 1 1 1 1  -1 1 1 1 1 1 1    1 1 1 1 1 1 1  1 1 1 1 1 1 1  1 1 1 1 1 1 1    1 1 1 1 1 1 -1  1 1 -1 1 -1 1 1  -1 1 1 1 1 1 1    1 1 -1 3035 -1 1 1  1 1 -1 1 -1 1 1  1 1 -1 3036 -1 1 1    1 1 -1 -1 -1 1 -1  1 1 -1 1 -1 1 1  -1 1 -1 -1 -1 1 1    1 1 1 1 1 1 1  1 1 -1 3030 -1 1 1  1 1 1 1 1 1 1    1 1 1 1 1 1 -1  1 1 -1 2000 -1 1 1  -1 1 1 1 1 1 1    
0 21 16 1   1 0         1 0     1 1 1 1 1 1 1  1 1 1 1 1 1 1  1 1 1 1 1 1 1    1 1 1 1 1 1 1  1 1 1 1 1 1 1  1 1 1 1 1 1 1    1 1 1 1 1 1 1  1 1 1 1 1 1 1  1 1 1 1 1 1 1    1 1 1 1 1 1 1  1 1 1 1 1 1 1  1 1 1 1 1000 1 1        1 1 1 1 1 1 1  1 1 1 1 1 1 1  1 1 1 1 1 1 1    1 1 1 1 1 1 1  1 1 1000 1 1 1 1  1 1 1 1 1 1 1    1 1 1 1 1 1 1  1 1 1 1 1 1 1  1 1 1 1 1 1 1    1 1 1 1 1 1 1  1 1 1 1 1 1 1  1 1 1 1 1 1 1         1 1 1 1 1 1 1  1 1 1 1 1 1 1  1 1 1 1 1 1 2999    1 1 1 1 1 1 1  1 1 1 1 1 1 1  1 1 1 1 1 1 1    1 1 1 1 1 1 1  1 1 1 1 1 1 1  1 1 1 1 1 1 1    1 1 1 1 1 1 1  1 1 1 1 1 1 1  1 1 1 1 1 1 1             1 1 1 1000 1 1 1  1 1 1 1 1 1 1  1 1 1 1 1 1 1    1 1 1 1 1 1 1  1 1 1 1 1 1 1  1 1000 1 1 1 1 1    1 1 1 1 1 1 1  1 1 1 1 1 1 1  1 1 1 1 1 1 1    1 1 1 1 1 1 1  1 1 1 1 1 1 1  1 1 1 1 1 1 1    
2 7 4 2     4 0 2 4 7   1 0     1 1 2999 1 2999 1 1    1 1 1 1 1 1 1    1 1 1 1 1 1 1    1 1 1 1 1 1 1   
0 9 9 0     3 6 7 8     1 4     1 1 1 1 1 1 1 1 1   1 1 1 1 1 1 1 1 1   1 1 1 1 1 1 1 1 1   1 1 1 1 1 1 1 1 1   1 1 1 1 1 1 1 1 1   1 1 1 1 1 1 1 1 1   1 1 1 1 1 1 1 1 1   1 1 1 1 1 1 1 1 1   1 1 1 1 1 1 1 1 1   

numery interakcji:
Wejście, Klucznik, Wyjście: 30, 31, 32 // klucznik to jest steward
Obeliski:  33, 34, 35, 36 
Zagadki: 37, 38, 39, 40, 41 // nie ma
Brama: 42 // nie ma
Kapłan 43 // nie ma




MiBlocks
